2 3
3 3
4 3
4 1
5 1
2 6
3 6
4 6
4 7
4 8
1 8
2 9
1 9
3 11
6 4
6 5
6 6
6 8
6 9
6 10
5 11
6 13
10 3
11 3
13 3
14 3
10 5
10 6
10 7
10 10
10 12
11 10
11 12
12 6
12 12
13 6
13 9
13 10
14 6
14 7
14 12
2 16
2 19
2 20
2 23
2 24
2 25
2 26
3 16
3 20
4 18
4 22
5 17
5 18
5 20
5 22
5 26
6 20
6 22
6 23
6 26
6 27
7 17
10 16
10 19
10 22
10 23
10 24
10 25
11 16
11 19
11 22
12 16
12 19
12 22
12 27
13 16
13 17
13 25
13 26
13 27
14 17
14 20
14 21
14 22
7 6
15 6
9 5
14 10
15 10
15 20
9 19
10 27
11 27
9 27
14 25
15 27
0 0
0 1
0 2
0 3
0 4
0 5
0 6
0 7
0 8
0 9
0 10
0 11
0 12
0 13
0 14
0 15
0 16
0 17
0 18
0 19
0 20
0 21
0 22
0 23
0 24
0 25
0 26
0 27
0 28
0 29
16 0
16 1
16 2
16 3
16 4
16 5
16 6
16 7
16 8
16 9
16 10
16 11
16 12
16 13
16 14
16 15
16 16
16 17
16 18
16 19
16 20
16 21
16 22
16 23
16 24
16 25
16 26
16 27
16 28
16 29
0 0
1 0
2 0
3 0
4 0
5 0
6 0
7 0
8 0
9 0
10 0
11 0
12 0
13 0
14 0
15 0
16 0
0 29
1 29
2 29
3 29
4 29
5 29
6 29
7 29
8 29
9 29
10 29
11 29
12 29
13 29
14 29
15 29
16 29
1 14
2 14
3 14
5 14
6 14
7 14
8 14
9 14
10 14
11 14
12 14
13 14
14 14
8 1
8 3
8 4
8 5
8 6
8 7
8 8
8 9
8 10
8 11
8 12
8 13
8 14
8 15
8 16
8 17
8 18
8 19
8 20
8 21
8 22
8 23
8 24
8 25
8 26
8 27